Level 0
5 5 200
0 32
00000000000000000000000000000000000000000000000000
2                                                3
2                                                3
2                                                3
2                                                3
2         1111                                   3
2                                                3
2                                                3
2                                                3
2                                  000           3
2                                                3
2                                                3
2                                                3
2                                                3
2                                                3
2                     33333                      3
2                                                3
2                                                3
2                         00000000               3
11111111111111111111111111111111111111111111111111